walk  asks  ahead  unres  repeat   oldest delivered
   1     1      0      0       0   2026-08-11T12:16:06.475Z
   2     3      0      0       0   2026-08-11T12:14:26.834Z
   3     1      0      0       0   2026-08-11T12:16:07.475Z
   4     1      0      0       0   2026-08-11T12:16:07.976Z
   5     1      0      0       0   2026-08-11T12:16:08.476Z
   6     2      0      0       0   2026-08-11T12:15:18.908Z
   7     3      0      0       0   2026-08-11T12:14:29.337Z
   8     1      0      0       0   2026-08-11T12:16:09.978Z
   9     1      0      0       0   2026-08-11T12:16:10.478Z
  10     1      0      0       0   2026-08-11T12:16:10.979Z
  11     3      0      0       0   2026-08-11T12:14:31.340Z
  12     1      0      0       0   2026-08-11T12:16:11.980Z
  13     2      0      0       0   2026-08-11T12:15:22.414Z
  14     3      0      0       0   2026-08-11T12:14:32.843Z
  15     4      0      0       0   2026-08-11T12:13:43.265Z
  16     3      0      0       0   2026-08-11T12:14:33.844Z
  17     1      0      0       0   2026-08-11T12:16:14.484Z
  18     1      0      0       0   2026-08-11T12:16:14.985Z
  19     3      0      0       0   2026-08-11T12:14:35.347Z
  20     1      0      0       0   2026-08-11T12:16:15.987Z
  21     1      0      0       0   2026-08-11T12:16:16.488Z
  22     1      0      0       0   2026-08-11T12:16:16.989Z
  23     3      0      0       0   2026-08-11T12:14:37.350Z
  24     1      0      0       0   2026-08-11T12:16:17.991Z
  25     3      0      0       0   2026-08-11T12:14:38.351Z
  26     3      0      0       0   2026-08-11T12:14:38.851Z
  27     3      0      0       0   2026-08-11T12:14:39.352Z
  28     1      0      0       0   2026-08-11T12:16:19.994Z
  29     1      0      0       0   2026-08-11T12:16:20.494Z
  30     1      0      0       0   2026-08-11T12:16:20.995Z
  31     1      0      0       0   2026-08-11T12:16:21.496Z
  32     1      0      0       0   2026-08-11T12:16:21.996Z
  33     1      0      0       0   2026-08-11T12:16:22.497Z
  34     1      0      0       0   2026-08-11T12:16:22.998Z
  35     1      0      0       0   2026-08-11T12:16:23.499Z
  36     1      0      0       0   2026-08-11T12:16:23.999Z
  37     1      0      0       0   2026-08-11T12:16:24.500Z
  38     1      0      0       0   2026-08-11T12:16:25.001Z
  39     3      0      0       0   2026-08-11T12:14:45.361Z
  40     3      0      0       0   2026-08-11T12:14:45.861Z

sessions      40
asks          69
ahead         0
unresolved    0
repeated      0
not settled   11  (ask crossed a page in flight; gap 0.001-0.847s, under SETTLE=1.0s)
