walk  asks  ahead  unres  repeat   oldest delivered
   1     3      0      0       0   2026-08-11T12:14:46.362Z
   2     3      0      0       0   2026-08-11T12:14:46.862Z
   3     3      0      0       0   2026-08-11T12:14:47.363Z
   4     3      0      0       0   2026-08-11T12:14:47.864Z
   5     3      0      0       0   2026-08-11T12:14:48.364Z
   6     3      0      0       0   2026-08-11T12:14:48.865Z
   7     3      0      0       0   2026-08-11T12:14:49.366Z
   8     4      0      0       0   2026-08-11T12:13:59.789Z
   9     3      0      0       0   2026-08-11T12:14:50.368Z
  10     3      0      0       0   2026-08-11T12:14:50.868Z
  11     3      0      0       0   2026-08-11T12:14:51.369Z
  12     3      0      0       0   2026-08-11T12:14:51.869Z
  13     3      0      0       0   2026-08-11T12:14:52.370Z
  14     3      0      0       0   2026-08-11T12:14:52.870Z
  15     3      0      0       0   2026-08-11T12:14:53.371Z
  16     3      0      0       0   2026-08-11T12:14:53.871Z
  17     3      0      0       0   2026-08-11T12:14:54.372Z
  18     3      0      0       0   2026-08-11T12:14:54.873Z
  19     3      0      0       0   2026-08-11T12:14:55.374Z
  20     3      0      0       0   2026-08-11T12:14:55.875Z
  21     3      0      0       0   2026-08-11T12:14:56.376Z
  22     3      0      0       0   2026-08-11T12:14:56.877Z
  23     3      0      0       0   2026-08-11T12:14:57.378Z
  24     3      0      0       0   2026-08-11T12:14:57.878Z
  25     3      0      0       0   2026-08-11T12:14:58.380Z
  26     3      0      0       0   2026-08-11T12:14:58.881Z
  27     3      0      0       0   2026-08-11T12:14:59.381Z
  28     3      0      0       0   2026-08-11T12:14:59.882Z
  29     3      0      0       0   2026-08-11T12:15:00.383Z
  30     3      0      0       0   2026-08-11T12:15:00.884Z
  31     3      0      0       0   2026-08-11T12:15:01.385Z
  32     3      0      0       0   2026-08-11T12:15:01.885Z
  33     3      0      0       0   2026-08-11T12:15:02.386Z
  34     3      0      0       0   2026-08-11T12:15:02.887Z
  35     3      0      0       0   2026-08-11T12:15:03.387Z
  36     3      0      0       0   2026-08-11T12:15:03.888Z
  37     3      0      0       0   2026-08-11T12:15:04.389Z
  38     3      0      0       0   2026-08-11T12:15:04.890Z
  39     3      0      0       0   2026-08-11T12:15:05.391Z
  40     3      0      0       0   2026-08-11T12:15:05.891Z

sessions      40
asks          121
ahead         0
unresolved    0
repeated      0
not settled   8  (ask crossed a page in flight; gap 0.003-0.013s, under SETTLE=1.0s)
