walk  asks  ahead  unres  repeat   oldest delivered
   1     0      0      0       0   2026-08-12T22:16:21.056Z
   2    10      0      0       0   2026-08-12T22:08:40.481Z
   3     0      0      0       0   2026-08-12T22:16:22.057Z
   4    10      0      0       0   2026-08-12T22:08:41.483Z
   5     0      0      0       0   2026-08-12T22:16:23.058Z
   6    10      0      0       0   2026-08-12T22:08:42.484Z
   7     0      0      0       0   2026-08-12T22:16:12.518Z
   8    10      0      0       0   2026-08-12T22:08:31.469Z
   9     0      0      0       0   2026-08-12T22:16:13.046Z
  10    10      0      0       0   2026-08-12T22:08:32.471Z
  11     0      0      0       0   2026-08-12T22:16:14.047Z
  12    10      0      0       0   2026-08-12T22:08:33.473Z
  13     0      0      0       0   2026-08-12T22:16:15.049Z
  14    10      0      0       0   2026-08-12T22:08:34.475Z
  15     0      0      0       0   2026-08-12T22:16:16.050Z
  16    10      0      0       0   2026-08-12T22:08:35.476Z
  17     0      0      0       0   2026-08-12T22:16:17.053Z
  18    10      0      0       0   2026-08-12T22:08:36.478Z
  19     0      0      0       0   2026-08-12T22:16:18.054Z
  20    10      0      0       0   2026-08-12T22:08:37.479Z
  21     0      0      0       0   2026-08-12T22:16:19.055Z
  22    10      0      0       0   2026-08-12T22:08:38.480Z
  23     0      0      0       0   2026-08-12T22:16:20.055Z
  24    10      0      0       0   2026-08-12T22:08:39.480Z

sessions      24
asks          120
ahead         0
unresolved    0
repeated      0
not settled   4  (ask crossed a page in flight; gap 0.067-0.072s, under SETTLE=1.0s)
