walk  asks  ahead  unres  repeat   oldest delivered
   1     0      0      0       0   2026-08-12T22:16:09.543Z
   2    10      0      0       0   2026-08-12T22:08:28.466Z
   3     0      0      0       0   2026-08-12T22:16:10.516Z
   4    10      0      0       0   2026-08-12T22:08:29.468Z
   5     0      0      0       0   2026-08-12T22:16:11.518Z
   6    10      0      0       0   2026-08-12T22:08:30.469Z
   7     0      0      0       0   2026-08-12T22:16:00.531Z
   8    10      0      0       0   2026-08-12T22:08:19.956Z
   9     0      0      0       0   2026-08-12T22:16:01.532Z
  10    10      0      0       0   2026-08-12T22:08:20.957Z
  11     0      0      0       0   2026-08-12T22:16:02.533Z
  12    10      0      0       0   2026-08-12T22:08:21.957Z
  13     0      0      0       0   2026-08-12T22:16:03.534Z
  14    10      0      0       0   2026-08-12T22:08:22.959Z
  15     0      0      0       0   2026-08-12T22:16:04.535Z
  16    10      0      0       0   2026-08-12T22:08:23.960Z
  17     0      0      0       0   2026-08-12T22:16:05.537Z
  18    10      0      0       0   2026-08-12T22:08:24.961Z
  19     0      0      0       0   2026-08-12T22:16:06.538Z
  20    10      0      0       0   2026-08-12T22:08:25.960Z
  21     0      0      0       0   2026-08-12T22:16:07.540Z
  22    10      0      0       0   2026-08-12T22:08:26.961Z
  23     0      0      0       0   2026-08-12T22:16:08.542Z
  24    10      0      0       0   2026-08-12T22:08:27.962Z

sessions      24
asks          120
ahead         0
unresolved    0
repeated      0
not settled   1  (ask crossed a page in flight; gap 0.073-0.073s, under SETTLE=1.0s)
