   run  msgs headPx     top  before outside  screen  moved
  run1   204     24    7191    7191      +0     -30     +0
  run1   408     24   16391   16391      +0     -30     +0
  run2   204     24    7270    7270      +0     -37     +0
  run2   408     24   16424   16424      +0     -37     +0
  run3   204     24    6726    6726      +0     -73     +0
  run3   408     24   15880   15880      +0     -73     +0
  run3   608     24   24712   24712      +0     -73     +0
  run4   204     24    6332    6332      +0     -87     +0
  run4   407     24   15385   15385      +0     -87     +0
  run4   607     24   24217   24217      +0     -87     +0
  run5   204     24    6255    6255      +0     -64     +0
  run5   408     24   15547   15547      +0     -64     +0
  run5   608     24   24471   24471      +0     -64     +0
  run6   204     24    6166    6166      +0     -95     +0
  run6   408     24   15366   15366      +0     -95     +0
  run6   608     24   24290   24290      +0     -95     +0
  run7   204     24    5939    5939      +0     -54     +0
  run7   407     24   14882   14882      +0     -54     +0
  run7   607     24   23806   23806      +0     -54     +0
  run8   204     24    5732    5732      +0     -93     +0
  run8   408     24   15024   15024      +0     -93     +0
  run8   608     24   23948   23948      +0     -93     +0
  run9   204     24    5643    5643      +0    -100     +0
  run9   408     24   14843   14843      +0    -100     +0
  run9   608     24   23767   23767      +0    -100     +0
 run10   204     24    5818    5818      +0     -87     +0
 run10   406     24   14825   14825      +0     -87     +0
 run10   606     24   23657   23657      +0     -87     +0
 run11   204     24    5348    5348      +0     -99     +0
 run11   408     24   14640   14640      +0     -99     +0
 run11   608     24   23564   23564      +0     -99     +0
 run12   204     24    5187    5187      +0     -98     +0
 run12   408     24   14387   14387      +0     -98     +0
 run12   608     24   23311   23311      +0     -98     +0
 run13   204     24    4857    4857      +0     -66     +0
 run13   407     24   13910   13910      +0     -66     +0
 run13   607     24   22788   22788      +0     -66     +0
 run14   204     24    4867    4867      +0     -90     +0
 run14   408     24   14159   14159      +0     -90     +0
 run14   608     24   23083   23083      +0     -90     +0
 run15   204     24    4676    4676      +0     -79     +0
 run15   408     24   13876   13876      +0     -79     +0
 run15   608     24   22800   22800      +0     -79     +0
 run16   204     24    4537    4537      +0     -28     +0
 run16   407     24   13634   13634      +0     -28     +0
 run16   607     24   22466   22466      +0     -28     +0
 run17   204     24    4606    4606      +0     -67     +0
 run17   408     24   13898   13898      +0     -67     +0
 run17   608     24   22822   22822      +0     -67     +0
 run18   204     24    4160    4160      +0     -75     +0
 run18   407     24   13145   13145      +0     -75     +0
 run18   607     24   22069   22069      +0     -75     +0
 run19   204     24    3899    3899      +0     -64     +0
 run19   407     24   12998   12998      +0     -64     +0
 run19   607     24   21922   21922      +0     -64     +0
 run20   204     24    3752    3752      +0     -91     +0
 run20   408     24   13044   13044      +0     -91     +0
 run20   608     24   21922   21922      +0     -91     +0
 run21   204     24    3885    3885      +0     -54     +0
 run21   408     24   13085   13085      +0     -54     +0
 run21   608     24   22009   22009      +0     -54     +0
 run22   204     24    3722    3722      +0     -85     +0
 run22   407     24   12775   12775      +0     -85     +0
 run22   607     24   21607   21607      +0     -85     +0
 run23   204     24    3802    3802      +0     -23     +0
 run23   408     24   13094   13094      +0     -23     +0
 run23   608     24   22018   22018      +0     -23     +0
 run24   204     24     339     339      +0      +0    +50
 run24   408     24    9961    9961      +0      +0     +0
 run24   608     24   18885   18885      +0      +0     +0
 run25   204     24     397     397      +0     -14     +0
 run25   407     24    9951    9951      +0     -14     +0
 run25   607     24   18875   18875      +0     -14     +0
 run26   204     24     359     359      +0      -9    +33
 run26   408     24    9794    9794      +0     -49     +0
 run26   608     24   18718   18718      +0     -49     +0
 run27   204     24     353     353      +0     -14    +46
 run27   408     24    9619    9619      +0     +15     +0
 run27   608     24   18543   18543      +0     +15     +0
 run28   204     24     412     412      +0     -73     +0
 run28   407     24    9924    9924      +0     -73     +0
 run28   607     24   18802   18802      +0     -73     +0
 run29   204     24     357     357      +0      -2    +33
 run29   408     24    9469    9469      +0     -73     +0
 run29   608     24   18393   18393      +0     -73     +0
 run30   204     24     402     402      +0     -19     +0
 run30   408     24    9387    9387      +0     -37     +0
 run30   608     24   18311   18311      +0     -37     +0
 run31   204     24     337     337      +0     -99    -56
 run31   407     24    8848    8848      +0    -100     +0
 run31   607     24   17680   17680      +0    -100     +0
 run32   204     24     387     387      +0    -149    +32
 run32   408     24    9187    9187      +0    -205     +0
 run32   608     24   18111   18111      +0    -205     +0
 run33   204     24     416     416      +0     -77     +0
 run33   408     24    9276    9276      +0     -24     +0
 run33   608     24   18200   18200      +0     -24     +0
 run34   204     24     407     407      +0      +0     +0
 run34   408     24    8733    8733      +0    -119     +0
 run34   608     24   17565   17565      +0    -119     +0
 run35   204     24     355     355      +0     -73    -56
 run35   408     24    8379    8379      +0     -41     +0
 run35   608     24   17303   17303      +0     -41     +0
 run36   204     24     371     371      +0     -89    +50
 run36   408     24    8200    8200      +0     -46     +0
 run36   608     24   17032   17032      +0     -46     +0
 run37   204     24     370     370      +0     -88    -63
 run37   407     24    8491    8491      +0     -89     +0
 run37   607     24   17415   17415      +0     -89     +0
 run38   204     24     382     382      +0     -43    +34
 run38   408     24    8617    8617      +0      -9     +0
 run38   608     24   17541   17541      +0      -9     +0
 run39   204     24     381     381      +0     -26    +35
 run39   408     24    8553    8553      +0     -55     +0
 run39   608     24   17477   17477      +0     -55     +0
 run40   204     24     353     353      +0     -71    +49
 run40   407     24    8240    8240      +0     -92     +0
 run40   607     24   17072   17072      +0     -92     +0
 run41   204     24     408     408      +0     -25     +0
 run41   408     24    8386    8386      +0    -208     +0
 run41   608     24   17310   17310      +0    -208     +0
 run42   204     24     408     408      +0     -69     +0
 run42   408     24    8667    8667      +0      -7     +0
 run42   608     24   17591   17591      +0      -7     +0
 run43   204     24     368     368      +0     -29    +46
 run43   406     24    8048    8048      +0     -36     +0
 run43   606     24   16880   16880      +0     -36     +0
 run44   204     24     375     375      +0     -36    +48
 run44   408     24    8348    8348      +0     -84     +0
 run44   608     24   17272   17272      +0     -84     +0
 run45   204     24     376     376      +0    -195   -177
 run45   408     24    8514    8514      +0     -64     +0
 run45   608     24   17438   17438      +0     -64     +0
 run46   204     24     372     372      +0     -33    +34
 run46   407     24    8618    8618      +0    -100     +0
 run46   607     24   17496   17496      +0    -100     +0
 run47   204     24     337     337      +0     -99    -58
 run47   408     24    8172    8172      +0     -90     +0
 run47   608     24   17096   17096      +0     -90     +0
 run48   204     24     342     342      +0      -3    +38
 run48   408     24    8214    8214      +0     -82     +0
 run48   608     24   17138   17138      +0     -82     +0
 run49   204     24     342     342      +0    -161    +40
 run49   407     24    8024    8024      +0     -76     +0
 run49   607     24   16856   16856      +0     -76     +0
 run50   200     24     393     393      +0    -313   -369
 run50   408     24   10251   10251      +0     -81     +0
 run50   608     24   19175   19175      +0     -81     +0
