   run  msgs headPx     top  before outside  screen  moved
  run1   204     24    7010    7010      +0     -99     +0
  run1   408     24   16210   16210      +0     -99     +0
  run1   608     24   25042   25042      +0     -99     +0
  run2   204     24    7244    7244      +0     -85     +0
  run2   408     24   16453   16453      +0     -85     +0
  run2   608     24   27600   27600      +0     -85     +0
  run3   204     24    7238    7238      +0     -95     +0
  run3   408     24   16392   16392      +0     -95     +0
  run3   608     24   27420   27420      +0     -95     +0
  run4   204     24    6645    6632     -13     +10    +24
  run4   408     24   15887   15887      +0     -91     +0
  run4   608     24   24719   24719      +0     -91     +0
  run5   204     24    6756    6756      +0     -99     +0
  run5   408     24   16038   16038      +0     -99     +0
  run5   608     24   24962   24962      +0     -99     +0
  run6   204     24    6718    6718      +0     -91     +0
  run6   408     24   15918   15918      +0     -91     +0
  run6   608     24   24842   24842      +0     -91     +0
  run7   204     24    6064    6064      +0     -87     +0
  run7   407     24   15007   15007      +0     -87     +0
  run7   607     24   23839   23839      +0     -87     +0
  run8   204     24    5983    5983      +0     -48     +0
  run8   408     24   15275   15275      +0     -48     +0
  run8   608     24   24199   24199      +0     -48     +0
  run9   204     24    6161    6161      +0     -38     +0
  run9   408     24   15361   15361      +0     -38     +0
  run9   608     24   24285   24285      +0     -38     +0
 run10   204     24    6000    6000      +0    -101     +0
 run10   406     24   15007   15007      +0    -101     +0
 run10   606     24   23839   23839      +0    -101     +0
 run11   204     24    5720    5720      +0     -53     +0
 run11   408     24   15012   15012      +0     -53     +0
 run11   608     24   26088   26088      +0     -53     +0
 run12   204     24    5175    5175      +0     -86     +0
 run12   408     24   14375   14375      +0     -86     +0
 run12   608     24   25396   25396      +0     -86     +0
 run13   204     24    4991    4991      +0     -82     +0
 run13   407     24   14044   14044      +0     -82     +0
 run13   607     24   22922   22922      +0     -82     +0
 run14   204     24    4913    4900     -13     +24    +24
 run14   408     24   14302   14302      +0     -77     +0
 run14   608     24   25449   25449      +0     -77     +0
 run15   204     24    4687    4687      +0     -90     +0
 run15   408     24   13887   13887      +0     -90     +0
 run15   608     24   25117   25117      +0     -90     +0
 run16   204     24    4364    4364      +0     -63     +0
 run16   407     24   13516   13516      +0     -63     +0
 run16   607     24   24445   24445      +0     -63     +0
 run17   204     24    4256    4243     -13     +19    +24
 run17   408     24   13645   13645      +0     -82     +0
 run17   608     24   24820   24820      +0     -82     +0
 run18   204     24    4342    4342      +0     -93     +0
 run18   407     24   13327   13327      +0     -93     +0
 run18   607     24   22251   22251      +0     -93     +0
 run19   204     24    3957    3957      +0     -76     +0
 run19   407     24   13056   13056      +0     -76     +0
 run19   607     24   24077   24077      +0     -76     +0
 run20   204     24    4216    4216      +0     -65     +0
 run20   408     24   13508   13508      +0     -65     +0
 run20   608     24   24582   24582      +0     -65     +0
 run21   204     24    3664    3664      +0     -91     +0
 run21   408     24   12864   12864      +0     -91     +0
 run21   608     24   21788   21788      +0     -91     +0
 run22   204     24    3694    3694      +0     -57     +0
 run22   407     24   12747   12747      +0     -57     +0
 run22   607     24   21579   21579      +0     -57     +0
 run23   204     24    3845    3845      +0     -64     +0
 run23   408     24   13247   13247      +0     -64     +0
 run23   608     24   22171   22171      +0     -64     +0
 run24   204     24    1081    1081      +0     -11     +0
 run24   408     24   10281   10422    +141     +13    +24
 run24   608     24   19346   19346      +0    -156     +0
 run25   204     24     374     374      +0     -92    -60
 run25   407     24    9913    9913      +0     -68     +0
 run25   607     24   18745   18745      +0     -68     +0
 run26   204     24    1162    1162      +0     -83     +0
 run26   408     24   10575   10575      +0     -83     +0
 run26   608     24   19499   19499      +0     -83     +0
 run27   204     24     357     357      +0     -18    +49
 run27   408     24    9809    9809      +0     -74     +0
 run27   608     24   18733   18733      +0     -74     +0
 run28   204     24     334     334      +0     -96    -59
 run28   407     24    9425    9425      +0     -79     +0
 run28   607     24   18303   18303      +0     -79     +0
 run29   204     24     364     364      +0      -9    +34
 run29   408     24    9498    9498      +0     -56     +0
 run29   608     24   18422   18422      +0     -56     +0
 run30   204     24     367     367      +0     -85    -62
 run30   408     24    9224    9224      +0     -58     +0
 run30   608     24   18148   18148      +0     -58     +0
 run31   204     24     374     374      +0     -35    +45
 run31   407     24    8884    8884      +0     -90     +0
 run31   607     24   17716   17716      +0     -90     +0
 run32   204     24     416     416      +0    -178     +0
 run32   408     24    9321    9420     +99      +3    +24
 run32   608     24   18344   18344      +0     -98     +0
 run33   204     24     417     417      +0     -78     +0
 run33   408     24    9411    9411      +0     -95     +0
 run33   608     24   18335   18335      +0     -95     +0
 run34   204     24     357     357      +0     -75    +43
 run34   408     24    8383    8383      +0     -49     +0
 run34   608     24   19681   19681      +0     -49     +0
 run35   204     24     413     413      +0     -30     +0
 run35   408     24    8868    8868      +0     -98     +0
 run35   608     24   17792   17792      +0     -98     +0
 run36   204     24     384     384      +0    -102    +37
 run36   408     24    8601    8601      +0     -37     +0
 run36   608     24   19732   19732      +0     -37     +0
 run37   204     24     359     359      +0     -77    -61
 run37   407     24    8544    8544      +0     -96     +0
 run37   607     24   19785   19785      +0     -96     +0
 run38   204     24     371     371      +0     -32    +45
 run38   408     24    8935    8935      +0    -205     +0
 run38   608     24   20024   20024      +0    -205     +0
 run39   204     24     380     380      +0     -25    +35
 run39   408     24    8600    8600      +0    -100     +0
 run39   608     24   17524   17524      +0    -100     +0
 run40   204     24     361     361      +0     -79    +46
 run40   407     24    8604    8604      +0     -40     +0
 run40   607     24   17436   17436      +0     -40     +0
 run41   204     24     374     374      +0     -92     +0
 run41   408     24    8370    8370      +0    -192     +0
 run41   608     24   19459   19459      +0    -192     +0
 run42   204     24     363     363      +0     -24    +29
 run42   408     24    8653    8653      +0     -39     +0
 run42   608     24   19729   19729      +0     -39     +0
 run43   204     24     409     409      +0     -70    +13
 run43   406     24    8888    8888      +0     -94     +0
 run43   606     24   20107   20107      +0     -94     +0
 run44   204     24     374     374      +0     -35    +31
 run44   408     24    8686    8686      +0     -98     +0
 run44   608     24   19916   19916      +0     -98     +0
 run45   204     24     329     329      +0    -148    +45
 run45   408     24    8823    8823      +0     -49     +0
 run45   608     24   19998   19998      +0     -49     +0
 run46   204     24     368     368      +0     -29    +32
 run46   407     24    8430    8430      +0     -96     +0
 run46   607     24   17308   17308      +0     -96     +0
 run47   204     24     356     356      +0     -17    +39
 run47   408     24    8327    8327      +0     -85     +0
 run47   608     24   17251   17251      +0     -85     +0
 run48   204     24     416     416      +0     -77     +0
 run48   408     24    8187    8187      +0     -39     +0
 run48   608     24   19334   19334      +0     -39     +0
 run49   204     24     389     389      +0    -208   -180
 run49   407     24    8213    8213      +0     -65     +0
 run49   607     24   17045   17045      +0     -65     +0
 run50   200     24     393     393      +0    -313   -369
 run50   408     24   10691   10722     +31     +14    +24
 run50   608     24   19646   19646      +0     -87     +0
